#tobs_min      tobs_max       dM_min     dM_max     s_min   s_max   A_min   A_max   err_min err_max
1912.80        1913.55        0.0        6.0        0.1     5.0     0.01    2.50    0.01    1.50
1933.90        1934.90        0.0        6.0        0.1     5.0     0.01    2.50    0.01    1.50
1947.00        1947.99        0.0        6.0        0.1     5.0     0.01    2.50    0.01    1.50
1956.50        1957.90        0.0        6.0        0.1     5.0     0.01    2.50    0.01    1.50
1963.30        1965.10        0.0        6.0        0.1     5.0     0.01    2.50    0.01    1.50
1972.80        1973.05        0.0        6.0        0.1     5.0     0.01    2.50    0.01    1.50
1982.98        1984.20        0.0        6.0        0.1     5.0     0.01    2.50    0.01    1.50
1984.14        1984.25        0.0        6.0        0.1     5.0     0.01    2.50    0.01    1.50
1995.80        1995.95        0.0        6.0        0.1     5.0     0.01    2.50    0.01    1.50
2005.55        2005.80        0.0        6.0        0.1     5.0     0.01    2.50    0.01    1.50
2007.68        2007.70        0.0        6.0        0.1     5.0     0.01    2.50    0.01    1.50
2015.80        2016.10        0.0        6.0        0.1     5.0     0.01    2.50    0.01    1.50
2018.80        2019.65        0.0        6.0        0.1     5.0     0.01    2.50    0.01    1.50
