-1.006477743172982803e-01 6.230924179156002163e-01
-9.346522775447593800e-02 1.886397889945060080e-01
-8.628268119165358185e-02 7.629663131491896122e-01
-7.910013462883123958e-02 5.579238426540471529e-01
-6.473504150318654116e-02 5.328429469494063708e-01
-5.755249494036419888e-02 6.898310884328940906e-01
-5.036994837754184967e-02 4.296650045042899047e-01
-4.318740181471950740e-02 4.031509171829383842e-01
-3.600485525189714431e-02 3.108137319263844511e-01
-2.882230868907480204e-02 2.535284897169817753e-01
-2.163976212625245976e-02 4.558677473691867821e-01
-1.445721556343010361e-02 4.064686543961071319e-01
-7.274669000607761338e-03 5.349074619633649164e-01
-9.212243778541906458e-05 3.526993154252359153e-01
7.090424125036937086e-03 7.565809066315143383e-01
1.427297068785927936e-02 1.362845201986088384e+00
2.145551725068160775e-02 1.611825117055388334e+00
2.863806381350396391e-02 1.743733642310342891e+00
3.582061037632632006e-02 1.481820615444124245e+00
4.300315693914867621e-02 1.269896971844404199e+00
5.018570350197100460e-02 1.243048859530391459e+00
5.736825006479336075e-02 7.867316775407101614e-01
6.455079662761568915e-02 8.633339479761505952e-01
7.173334319043807306e-02 1.171210710377844633e+00
7.891588975326040145e-02 1.372452071887173997e+00
8.609843631608275760e-02 8.331525064962922444e-01
9.328098287890511375e-02 7.992307845225147256e-01
1.076460760045498261e-01 5.487379479775637003e-01
1.148286225673721545e-01 1.518133565645221894e-01
#1.220111691301945106e-01 7.621847527444045589e-01
#1.291937156930168529e-01 1.652439904506813884e-01
