-0.10277743037752436 0.6686575584527956
-0.09535322112904147 0.2943143252406165
-0.08792901188055857 0.5796533743266725
-0.08050480263207568 0.5768718623161081
-0.0730805933835928 0.3812562830633844
-0.06565638413510991 0.513352195592422
-0.058232174886627006 0.6639261861151537
-0.05080796563814412 0.5209940598395039
-0.04338375638966123 0.41885331008158866
-0.03595954714117834 0.31541705226656847
-0.028535337892695446 0.2760860678363428
-0.02111112864421255 0.40680207690329134
-0.013686919395729663 0.3466346913309798
-0.006262710147246768 0.4566258480865317
0.001161499101236127 0.6672539513474115
0.008585708349719015 1.0088563216200024
0.016009917598201903 1.4161335134784645
0.02343412684668479 1.649361027974166
0.03085833609516768 1.6820012778176365
0.03828254534365057 1.511020464727384
0.04570675459213347 1.4468403568056853
0.05313096384061637 1.0377661590628837
0.06055517308909926 0.8481404829388426
0.06797938233758215 1.0395199936220405
0.07540359158606504 1.2687393758075005
0.08282780083454792 1.017381043983593
0.09025201008303081 0.6777822837393617
0.09767621933151371 0.673603149429307
0.10510042857999662 0.15315052655940511
0.1125246378284795 0.2397280366169292
0.11994884707696239 0.353959172855898
0.12737305632544527 0.44260073598315475
