-9.402366535612519116e-02 3.836649512161705577e-01
-8.728177964706641812e-02 6.703320254654508981e-01
-8.053989393800764507e-02 5.879906765758056153e-01
-7.379800822894887202e-02 4.283022221886773062e-01
-6.705612251989009898e-02 4.960484788681628898e-01
-6.031423681083133287e-02 5.084475598966399223e-01
-5.357235110177255982e-02 6.336896342378922631e-01
-4.683046539271379372e-02 4.868333856849481056e-01
-4.008857968365501373e-02 3.445280044001023945e-01
-3.334669397459624762e-02 2.790012811551089156e-01
-2.660480826553747458e-02 2.587713487903372522e-01
-1.986292255647870153e-02 4.443594645386499953e-01
-1.312103684741992848e-02 4.115750564909337328e-01
-6.379151138361169315e-03 4.758272684112899720e-01
3.627345706976037309e-04 6.497471771454108591e-01
7.104620279756376777e-03 8.159537663421863041e-01
1.384650598881514982e-02 1.209127783350186114e+00
2.058839169787392287e-02 1.563764678582733936e+00
2.733027740693268204e-02 1.744459563103185840e+00
3.407216311599148284e-02 1.680985546573690259e+00
4.081404882505024201e-02 1.277600335538654486e+00
4.755593453410900118e-02 1.255384723847147166e+00
5.429782024316778810e-02 8.501966720908838981e-01
6.103970595222654727e-02 8.352160106393785588e-01
6.778159166128530644e-02 1.100177340963653716e+00
7.452347737034406561e-02 1.272483110458557443e+00
8.126536307940285253e-02 1.214787071265276186e+00
8.800724878846163945e-02 8.585134788533030914e-01
9.474913449752039862e-02 7.549991802656247364e-01
1.014910202065791855e-01 1.469913287098685017e-01
1.082329059156379447e-01 1.813565664752538886e-01
#1.149747916246967039e-01 2.192901305820359470e-01
#1.217166773337554908e-01 3.462466095909642605e-01
