-1.006477743172982803e-01 5.033786845658854148e-01
-9.346522775447593800e-02 4.152504921856285947e-01
-8.628268119165358185e-02 6.703320254654508981e-01
-7.910013462883123958e-02 5.288417439884347537e-01
-7.191758806600889731e-02 4.071333279836045760e-01
-6.473504150318654116e-02 4.841682227546696970e-01
-5.755249494036419888e-02 6.482680610147869560e-01
-5.036994837754184967e-02 4.982011589783340577e-01
-4.318740181471950740e-02 3.583823691508346565e-01
-3.600485525189714431e-02 2.767201729281487110e-01
-2.882230868907480204e-02 2.699403817697617614e-01
-2.163976212625245976e-02 4.328511817081132085e-01
-1.445721556343010361e-02 3.445875494682636431e-01
-7.274669000607761338e-03 4.552281086121551801e-01
-9.212243778541906458e-05 6.497471771454108591e-01
7.090424125036937086e-03 7.820570888511182428e-01
1.427297068785927936e-02 1.224268227969228739e+00
2.145551725068160775e-02 1.579374675291670194e+00
2.863806381350396391e-02 1.744459563103185840e+00
3.582061037632632006e-02 1.565577928765412352e+00
4.300315693914867621e-02 1.315991206148468207e+00
5.018570350197100460e-02 1.195882439011356047e+00
5.736825006479336075e-02 7.636648094360851680e-01
6.455079662761568915e-02 1.030346463386136557e+00
7.173334319043807306e-02 1.103357606883284880e+00
7.891588975326040145e-02 1.405440210000685752e+00
8.609843631608275760e-02 9.138332941646829521e-01
9.328098287890511375e-02 7.361043531667487150e-01
1.004635294417274421e-01 1.935408295340476093e-01
1.076460760045498261e-01 1.442824979368127758e-01
1.148286225673721545e-01 2.192901305820359470e-01
#1.220111691301945106e-01 3.509221336850127382e-01
#1.291937156930168529e-01 1.652439904506813884e-01
