-1.006477743172982803e-01 5.033786845658854148e-01
-9.346522775447593800e-02 2.977883181808322899e-01
-8.628268119165358185e-02 5.078968031077379930e-01
-7.910013462883123958e-02 4.987749100666762914e-01
-7.191758806600889731e-02 4.071333279836045760e-01
-6.473504150318654116e-02 5.016116993660894030e-01
-5.755249494036419888e-02 6.569518832486610505e-01
-5.036994837754184967e-02 4.982011589783340577e-01
-4.318740181471950740e-02 4.812307902007273430e-01
-3.600485525189714431e-02 2.790012811551089156e-01
-2.882230868907480204e-02 2.699403817697617614e-01
-2.163976212625245976e-02 4.328511817081132085e-01
-1.445721556343010361e-02 4.064686543961071319e-01
-7.274669000607761338e-03 4.758272684112899720e-01
-9.212243778541906458e-05 5.930105977255417660e-01
7.090424125036937086e-03 7.727316451354286908e-01
1.427297068785927936e-02 1.224268227969228739e+00
2.145551725068160775e-02 1.579374675291670194e+00
2.863806381350396391e-02 1.743007721517499942e+00
3.582061037632632006e-02 1.585344367293821888e+00
4.300315693914867621e-02 1.273188581022630217e+00
5.018570350197100460e-02 1.195882439011356047e+00
5.736825006479336075e-02 7.597908309725973641e-01
6.455079662761568915e-02 1.030346463386136557e+00
7.173334319043807306e-02 1.103357606883284880e+00
7.891588975326040145e-02 1.438428348114197286e+00
8.609843631608275760e-02 8.790877327598843882e-01
9.328098287890511375e-02 7.455517667161867257e-01
1.004635294417274421e-01 1.935408295340476093e-01
1.076460760045498261e-01 1.442824979368127758e-01
1.148286225673721545e-01 2.192901305820359470e-01
#1.220111691301945106e-01 3.509221336850127382e-01
#1.291937156930168529e-01 1.652439904506813884e-01
