-1.062841191603945828e-01 6.378631630411162323e-01
-9.865606837821533359e-02 2.867715888200130792e-01
-9.102801759603607046e-02 5.341868798898588011e-01
-8.339996681385680732e-02 6.633240896781155138e-01
-7.577191603167754419e-02 4.363094376983998601e-01
-6.814386524949828106e-02 5.070873970654311558e-01
-6.051581446731902486e-02 6.282738794356128587e-01
-5.288776368513976867e-02 5.583966054185187655e-01
-4.525971290296050553e-02 3.585183068566294984e-01
-3.763166212078124240e-02 3.163314465463169523e-01
-3.000361133860198620e-02 2.693973796093844242e-01
-2.237556055642273001e-02 4.075112384497735496e-01
-1.474750977424346687e-02 3.013844128857368077e-01
-7.119458992064210678e-03 4.561074990075182356e-01
5.085917901150455167e-04 6.424027059508145010e-01
8.136642572294308651e-03 9.562304706991116010e-01
1.576469335447357178e-02 1.448288113459286874e+00
2.339274413665283492e-02 1.651850362313250109e+00
3.102079491883209805e-02 1.674958280652164344e+00
3.864884570101136119e-02 1.524058821272061381e+00
4.627689648319061044e-02 1.402901154915269233e+00
5.390494726536985970e-02 1.000456488148560030e+00
6.153299804754912283e-02 8.368750899731938198e-01
6.916104882972838597e-02 1.083230087285274923e+00
7.678909961190764910e-02 1.334843825076670543e+00
8.441715039408691224e-02 9.350583330390717096e-01
9.204520117626617537e-02 6.812850073780459814e-01
9.967325195844542463e-02 2.400152825571779669e-01
1.073013027406246739e-01 2.174922095752490625e-01
1.149293535228039370e-01 3.080978010650706755e-01
1.225574043049832140e-01 3.510008016321922164e-01
1.301854550871624772e-01 1.865722754925830673e-01
